# col0
1.566223978996276855e+00
1.305461525917053223e+00
1.177425384521484375e+00
8.827204108238220215e-01
1.001288890838623047e+00
3.005694150924682617e-01
8.224277496337890625e-01
1.752104878425598145e+00
1.063813209533691406e+00
2.859705388545989990e-01
1.729862950742244720e-02
1.010024309158325195e+00
1.153515815734863281e+00
5.780879855155944824e-01
6.952530741691589355e-01
1.397699236869812012e+00
1.164874672889709473e+00
8.742066025733947754e-01
4.834761321544647217e-01
1.848003983497619629e+00
